% Does not work because the Z-points are not unique

MpedalMap_nMGU = [0 133.3 266.7 400	533.3 666.7 823	 960 1066.7 1200 1333.3 1466.7 1600 1733.3 1866.7 2000]';
MpedalMap_rAccel = [0	7	14	21	28	35	42	49	56	63	70	77	84	91	98	100	 ];
MPedalMap_Torque = ...
        [[0,	102.7,	279.3,	510.4,	831.8,	1224.1,	1635.5,	1932.6,	2198,	2436.5,	2652.9,	2852.4,	3040.3,	3237.7,	3589.2,	3589.2	 ];
        [0,	102.7,	279.3,	510.4,	831.8,	1224.1,	1635.5,	1932.6,	2198,	2436.5,	2652.9,	2852.4,	3040.3,	3237.7,	3589.2,	3589.2	]; 
        [0	102.7	279.3	510.4	831.8	1224.1	1635.5	1932.6	2198	2436.5	2652.9	2852.4	3040.3	3237.7	3589.2	3589.2	 ];
        [0  102.7	279.3	464.1	732.5	1090.5	1525.7	1932.6	2198	2436.5	2652.9	2852.4	3040.3	3237.7	3589.2	3589.2	 ];
        [0	94.8	209.5	348.1	549.4	817.8	1144.2	1452.9	1799.1	2184.6	2611.4	2852.4	3040.3	3237.7	3589.2	3589.2	]; 
        [0	75.8	167.6	278.5	439.5	654.3	915.4	1162.3	1439.3	1747.7	2089.1	2470	2900.4	3237.7	3589.2	3589.2	 ];
        [0  61.4	135.8	225.6	356	530	741.5	941.5	1165.9	1415.7	1692.3	2000.8	2349.5	2760.1	3376.5	3376.5	 ];
        [0  52.6	116.4	193.4	305.2	454.4	635.7	807.1	999.5	1213.7	1450.8	1715.3	2014.2	2366.2	2894.6	2894.6];	 
        [0	47.4	104.8	174	274.7	408.9	572.1	726.4	899.5	1092.3	1305.7	1543.7	1812.8	2129.6	2605.2	2605.2	]; 
        [0	42.1	93.1	154.7	244.2	363.5	508.6	645.7	799.6	970.9	1160.6	1372.2	1611.3	1893	2315.7	2315.7];	 
        [0	37.9	83.8	139.2	219.8	327.1	457.7	581.1	719.6	873.8	1044.6	1235	1450.2	1703.7	2084.1	2084.1	]; 
        [0	34.5	76.2	126.6	199.8	297.4	416.1	528.3	654.2	794.4	949.6	1122.7	1318.4	1548.8	1894.7	1894.7	 ];
        [0	31.6	69.8	116	183.1	272.6	381.4	484.3	599.7	728.2	870.5	1029.2	1208.5	1419.7	1736.8	1736.8	 ];
        [0	29.2	64.5	107.1	169	251.6	352.1	447	553.6	672.2	803.5	950	1115.5	1310.5	1603.2	1603.2	 ];
        [0	27.1	59.9	99.5	157	233.7	326.9	415.1	514	624.2	746.1	882.1	1035.9	1216.9	1488.7	1488.7];	 
        [0	25.3	55.9	92.8	146.5	218.1	305.1	387.4	479.8	582.6	696.4	823.3	966.8	1135.8	1389.4	1389.4	 ]];


%search_nMGU=0;
%Z=interp2(MpedalMap_nMGU,MpedalMap_rAccel,MPedalMap_Torque',search_nMGU,MpedalMap_rAccel);
%search_torque=100;
%B1=interp1(Z,MpedalMap_rAccel,search_torque)






 

